[FOLD 1] 15: 0.5317810256759842 0.8029197080291971 0.5276758169198965 0.7737226277372263
[FOLD 2] 15: 0.5279166333087079 0.7980535279805353 0.48625447409493583 0.7956204379562044
[FOLD 3] 15: 0.46432512952135757 0.8248175182481752 0.46395429635976815 0.8150851581508516
[FOLD 4] 15: 0.48732563613297103 0.8199513381995134 0.5469402709564606 0.8077858880778589
[FOLD 5] 15: 0.535569869697868 0.7956204379562044 0.543693614315677 0.7834549878345499
[FOLD 6] 15: 0.5072106472857587 0.805352798053528 0.5266538124579888 0.7785888077858881
[FOLD 7] 15: 0.5621119858382584 0.7858880778588808 0.5154317583356585 0.7931873479318735
[FOLD 8] 15: 0.5055692722271015 0.805352798053528 0.5335405374502207 0.7737226277372263
[FOLD 9] 15: 0.5266097923377892 0.7931873479318735 0.6010974908803964 0.7518248175182481
[FOLD 10] 15: 0.564274381662344 0.7737226277372263 0.5693466037898869 0.7469586374695864
