[FOLD 1] 5: 59.92702865600586 0.7589285714285714 65.20170593261719 0.7142857142857143
[FOLD 2] 5: 60.987422943115234 0.7589285714285714 58.9407844543457 0.7767857142857143
[FOLD 3] 5: 55.81755065917969 0.7946428571428571 59.927589416503906 0.7207207207207207
[FOLD 4] 5: 54.062076568603516 0.7657657657657657 51.17514419555664 0.7567567567567568
[FOLD 5] 5: 52.74150848388672 0.7747747747747747 61.552616119384766 0.7477477477477478
[FOLD 6] 5: 58.41755676269531 0.8378378378378378 53.94354248046875 0.8018018018018018
[FOLD 7] 5: 51.160221099853516 0.8378378378378378 59.360992431640625 0.7297297297297297
[FOLD 8] 5: 53.9871940612793 0.7657657657657657 83.458740234375 0.7117117117117117
[FOLD 9] 5: 59.54257583618164 0.7837837837837838 56.93303298950195 0.7567567567567568
[FOLD 10] 5: 54.333072662353516 0.8198198198198198 62.08074951171875 0.7321428571428571
