[FOLD 1] 1: 48.56629180908203 0.8728813559322034 59.5372314453125 0.7796610169491526
[FOLD 2] 1: 50.904205322265625 0.8220338983050848 60.87214279174805 0.7966101694915254
[FOLD 3] 1: 53.309837341308594 0.8135593220338984 67.06194305419922 0.7711864406779662
[FOLD 4] 1: 58.89927291870117 0.8135593220338984 60.72795104980469 0.7372881355932204
[FOLD 5] 1: 63.26482391357422 0.788135593220339 63.520973205566406 0.7627118644067796
[FOLD 6] 1: 65.80968475341797 0.7372881355932204 53.05900573730469 0.8050847457627118
[FOLD 7] 1: 44.318031311035156 0.8305084745762712 57.411930084228516 0.7627118644067796
[FOLD 8] 1: 58.350730895996094 0.7966101694915254 57.581504821777344 0.8034188034188035
[FOLD 9] 1: 55.94196319580078 0.7948717948717948 67.61701202392578 0.6923076923076923
[FOLD 10] 1: 62.17095184326172 0.8034188034188035 47.772159576416016 0.8728813559322034
