[FOLD 1] 9: 0.5511324449018998 0.7712895377128953 0.5424990418669465 0.805352798053528
[FOLD 2] 9: 0.5269583070432985 0.8248175182481752 0.5385295620212307 0.805352798053528
[FOLD 3] 9: 0.5145606647838246 0.8004866180048662 0.5433611238157594 0.7688564476885644
[FOLD 4] 9: 0.49963633797385476 0.8175182481751825 0.4951593522901659 0.805352798053528
[FOLD 5] 9: 0.49226875057468167 0.8077858880778589 0.5393580473862685 0.7566909975669099
[FOLD 6] 9: 0.5164732598639153 0.7956204379562044 0.5441917047872171 0.7761557177615572
[FOLD 7] 9: 0.5334482242534687 0.7883211678832117 0.4380182984587434 0.8102189781021898
[FOLD 8] 9: 0.41018525656167565 0.8394160583941606 0.5969126763281885 0.7737226277372263
[FOLD 9] 9: 0.539216693035968 0.7931873479318735 0.5449028906884131 0.7445255474452555
[FOLD 10] 9: 0.5352840968540736 0.7931873479318735 0.5315787030504896 0.7712895377128953
