[FOLD 1] 19: 58.431785583496094 0.7678571428571429 78.92124938964844 0.7142857142857143
[FOLD 2] 19: 56.70554733276367 0.8035714285714286 63.027305603027344 0.7410714285714286
[FOLD 3] 19: 60.663734436035156 0.7589285714285714 60.511478424072266 0.7657657657657657
[FOLD 4] 19: 58.80924987792969 0.7927927927927928 66.31427001953125 0.6936936936936937
[FOLD 5] 19: 62.49941635131836 0.7297297297297297 57.34664535522461 0.7477477477477478
[FOLD 6] 19: 53.501258850097656 0.7747747747747747 62.68501663208008 0.7567567567567568
[FOLD 7] 19: 59.0479736328125 0.7927927927927928 59.79405212402344 0.7477477477477478
[FOLD 8] 19: 57.14641189575195 0.7927927927927928 53.6331901550293 0.7747747747747747
[FOLD 9] 19: 51.46092224121094 0.7927927927927928 55.6524772644043 0.8018018018018018
[FOLD 10] 19: 53.27183151245117 0.8198198198198198 58.99044418334961 0.7678571428571429
