[FOLD 1] 0: 56.15570831298828 0.788135593220339 59.87345504760742 0.7288135593220338
[FOLD 2] 0: 59.78464889526367 0.788135593220339 58.65713882446289 0.7203389830508474
[FOLD 3] 0: 56.84064865112305 0.8220338983050848 58.363304138183594 0.788135593220339
[FOLD 4] 0: 54.86537170410156 0.788135593220339 40.89311218261719 0.847457627118644
[FOLD 5] 0: 36.69468307495117 0.8983050847457628 54.9126091003418 0.8220338983050848
[FOLD 6] 0: 51.9018440246582 0.8389830508474576 70.00376892089844 0.7033898305084746
[FOLD 7] 0: 66.06951141357422 0.788135593220339 59.991485595703125 0.8220338983050848
[FOLD 8] 0: 55.10832977294922 0.8220338983050848 77.35958099365234 0.7521367521367521
[FOLD 9] 0: 73.68492889404297 0.7863247863247863 64.8781967163086 0.7435897435897436
[FOLD 10] 0: 59.98750305175781 0.7863247863247863 56.838623046875 0.7796610169491526
