[FOLD 1] 16: 57.3306770324707 0.75 55.00203323364258 0.7946428571428571
[FOLD 2] 16: 46.05451965332031 0.8214285714285714 85.67230224609375 0.6875
[FOLD 3] 16: 69.68225860595703 0.7232142857142857 54.78836441040039 0.7927927927927928
[FOLD 4] 16: 52.9431266784668 0.8468468468468469 54.863014221191406 0.7927927927927928
[FOLD 5] 16: 53.4033317565918 0.8018018018018018 69.16455841064453 0.6846846846846847
[FOLD 6] 16: 63.63765335083008 0.7657657657657657 61.12080764770508 0.7477477477477478
[FOLD 7] 16: 56.89250564575195 0.7837837837837838 60.999916076660156 0.7567567567567568
[FOLD 8] 16: 59.193912506103516 0.7837837837837838 55.71906661987305 0.7747747747747747
[FOLD 9] 16: 48.17835235595703 0.8288288288288288 58.118988037109375 0.7567567567567568
[FOLD 10] 16: 57.18110656738281 0.7657657657657657 62.250125885009766 0.7410714285714286
