[FOLD 1] 10: 57.53535461425781 0.7966101694915254 50.62653350830078 0.8135593220338984
[FOLD 2] 10: 47.967098236083984 0.8305084745762712 60.21626663208008 0.7711864406779662
[FOLD 3] 10: 55.7796630859375 0.8135593220338984 52.28150939941406 0.788135593220339
[FOLD 4] 10: 53.8736572265625 0.788135593220339 62.17792510986328 0.7796610169491526
[FOLD 5] 10: 62.06232833862305 0.788135593220339 59.42769241333008 0.788135593220339
[FOLD 6] 10: 57.79998016357422 0.8305084745762712 76.12547302246094 0.7203389830508474
[FOLD 7] 10: 70.76206970214844 0.7457627118644068 59.18476867675781 0.7711864406779662
[FOLD 8] 10: 54.28132247924805 0.8135593220338984 52.685081481933594 0.7948717948717948
[FOLD 9] 10: 48.062828063964844 0.8461538461538461 68.00067901611328 0.7863247863247863
[FOLD 10] 10: 60.277427673339844 0.8034188034188035 56.62916564941406 0.7457627118644068
