[FOLD 1] 13: 60.66144561767578 0.7857142857142857 60.341705322265625 0.7589285714285714
[FOLD 2] 13: 56.46986389160156 0.7589285714285714 55.52075958251953 0.7410714285714286
[FOLD 3] 13: 55.40770721435547 0.8214285714285714 55.34449005126953 0.7477477477477478
[FOLD 4] 13: 53.936126708984375 0.7837837837837838 60.1827392578125 0.7747747747747747
[FOLD 5] 13: 57.44141387939453 0.7927927927927928 63.33298110961914 0.7837837837837838
[FOLD 6] 13: 59.872802734375 0.7927927927927928 67.78707122802734 0.7027027027027027
[FOLD 7] 13: 67.00933837890625 0.7477477477477478 65.66416931152344 0.7207207207207207
[FOLD 8] 13: 67.00128173828125 0.7297297297297297 56.21448516845703 0.7657657657657657
[FOLD 9] 13: 55.80579376220703 0.7837837837837838 51.21790313720703 0.7747747747747747
[FOLD 10] 13: 50.77670669555664 0.7927927927927928 59.73417663574219 0.7678571428571429
