[FOLD 1] 11: 61.140933990478516 0.7767857142857143 64.55452728271484 0.75
[FOLD 2] 11: 59.297916412353516 0.7767857142857143 48.40583801269531 0.8125
[FOLD 3] 11: 46.021854400634766 0.8392857142857143 62.046043395996094 0.7477477477477478
[FOLD 4] 11: 55.344642639160156 0.7837837837837838 57.122901916503906 0.7657657657657657
[FOLD 5] 11: 56.383872985839844 0.7927927927927928 55.122798919677734 0.7747747747747747
[FOLD 6] 11: 53.20120620727539 0.8198198198198198 57.94993209838867 0.7567567567567568
[FOLD 7] 11: 57.835289001464844 0.7837837837837838 65.72476959228516 0.7567567567567568
[FOLD 8] 11: 62.429290771484375 0.7837837837837838 53.32955551147461 0.7657657657657657
[FOLD 9] 11: 49.44882583618164 0.7837837837837838 78.2408447265625 0.6666666666666666
[FOLD 10] 11: 69.25767517089844 0.7567567567567568 66.0042495727539 0.7589285714285714
