[FOLD 1] 19: 57.393760681152344 0.8050847457627118 70.54254913330078 0.7457627118644068
[FOLD 2] 19: 61.123016357421875 0.8135593220338984 64.23906707763672 0.7627118644067796
[FOLD 3] 19: 61.485477447509766 0.7542372881355932 60.44778060913086 0.7457627118644068
[FOLD 4] 19: 54.829097747802734 0.8305084745762712 67.45957946777344 0.7288135593220338
[FOLD 5] 19: 56.59046173095703 0.7966101694915254 69.00349426269531 0.7457627118644068
[FOLD 6] 19: 63.825016021728516 0.8305084745762712 61.990013122558594 0.7288135593220338
[FOLD 7] 19: 51.80168914794922 0.8135593220338984 60.434566497802734 0.7372881355932204
[FOLD 8] 19: 55.53407669067383 0.7627118644067796 57.77567672729492 0.811965811965812
[FOLD 9] 19: 46.894718170166016 0.8547008547008547 53.31956481933594 0.7948717948717948
[FOLD 10] 19: 56.74957275390625 0.7863247863247863 63.18113708496094 0.7457627118644068
