[FOLD 1] 6: 61.28776931762695 0.7966101694915254 62.92858123779297 0.7457627118644068
[FOLD 2] 6: 59.543617248535156 0.7966101694915254 75.2943344116211 0.7542372881355932
[FOLD 3] 6: 63.190521240234375 0.7796610169491526 62.90547561645508 0.7542372881355932
[FOLD 4] 6: 61.592464447021484 0.8050847457627118 60.395843505859375 0.711864406779661
[FOLD 5] 6: 60.710731506347656 0.7966101694915254 55.9930534362793 0.7542372881355932
[FOLD 6] 6: 52.31982421875 0.8220338983050848 72.73176574707031 0.7542372881355932
[FOLD 7] 6: 62.8538703918457 0.7627118644067796 55.054439544677734 0.7966101694915254
[FOLD 8] 6: 52.99513244628906 0.8050847457627118 55.90502166748047 0.8205128205128205
[FOLD 9] 6: 53.78238296508789 0.811965811965812 45.39070510864258 0.811965811965812
[FOLD 10] 6: 40.87860107421875 0.8888888888888888 59.508358001708984 0.8220338983050848
