[FOLD 1] 13: 0.5074280181488433 0.8004866180048662 0.5399574428409725 0.7688564476885644
[FOLD 2] 13: 0.4867408108401608 0.8272506082725061 0.524775284606141 0.7980535279805353
[FOLD 3] 13: 0.505367001620206 0.8102189781021898 0.5011720112391881 0.7858880778588808
[FOLD 4] 13: 0.4891872282152052 0.8175182481751825 0.5494410304280071 0.7639902676399026
[FOLD 5] 13: 0.5197849001203264 0.7834549878345499 0.5842291051691229 0.7615571776155717
[FOLD 6] 13: 0.5589509295178698 0.805352798053528 0.546355813509458 0.7761557177615572
[FOLD 7] 13: 0.5560038702828544 0.7566909975669099 0.527627994487812 0.754257907542579
[FOLD 8] 13: 0.5116085002948711 0.8029197080291971 0.5689595854127562 0.7493917274939172
[FOLD 9] 13: 0.536290641883751 0.7761557177615572 0.47033658708844867 0.8004866180048662
[FOLD 10] 13: 0.46082356440556516 0.8272506082725061 0.5194712403532746 0.7664233576642335
