[FOLD 1] 17: 0.4935220297280844 0.8199513381995134 0.5356910804649452 0.8029197080291971
[FOLD 2] 17: 0.5587419980532163 0.8126520681265207 0.5498512416690975 0.7664233576642335
[FOLD 3] 17: 0.5067514122306527 0.7980535279805353 0.5521709838470855 0.7518248175182481
[FOLD 4] 17: 0.5494548277421432 0.7639902676399026 0.5455448844216086 0.7737226277372263
[FOLD 5] 17: 0.524066991929884 0.8004866180048662 0.5210812605820693 0.7591240875912408
[FOLD 6] 17: 0.46599371030733183 0.8248175182481752 0.5451466498436865 0.7761557177615572
[FOLD 7] 17: 0.5192630718280743 0.7980535279805353 0.5726767453280363 0.8077858880778589
[FOLD 8] 17: 0.5766604188200716 0.7883211678832117 0.5303431077436968 0.7761557177615572
[FOLD 9] 17: 0.5012856471074092 0.7956204379562044 0.5306938964051086 0.7956204379562044
[FOLD 10] 17: 0.49024608909309686 0.8223844282238443 0.4969205162741921 0.7785888077858881
