[FOLD 1] 15: 43.2580680847168 0.847457627118644 82.03543090820312 0.6694915254237288
[FOLD 2] 15: 68.63277435302734 0.7372881355932204 55.766845703125 0.7627118644067796
[FOLD 3] 15: 50.08841323852539 0.8305084745762712 61.27406692504883 0.7711864406779662
[FOLD 4] 15: 60.3985595703125 0.7966101694915254 56.98223876953125 0.7203389830508474
[FOLD 5] 15: 47.7826042175293 0.8305084745762712 80.02040100097656 0.7711864406779662
[FOLD 6] 15: 57.944332122802734 0.7966101694915254 62.36506271362305 0.788135593220339
[FOLD 7] 15: 63.766029357910156 0.8050847457627118 52.79305648803711 0.8220338983050848
[FOLD 8] 15: 48.7548828125 0.8220338983050848 75.96097564697266 0.7777777777777778
[FOLD 9] 15: 56.48400115966797 0.8205128205128205 67.45945739746094 0.7777777777777778
[FOLD 10] 15: 64.30535888671875 0.8034188034188035 54.36722946166992 0.7457627118644068
