[FOLD 1] 3: 71.70694732666016 0.7627118644067796 70.15050506591797 0.7796610169491526
[FOLD 2] 3: 63.351356506347656 0.8050847457627118 60.843727111816406 0.7627118644067796
[FOLD 3] 3: 47.7640495300293 0.8728813559322034 48.06142044067383 0.8389830508474576
[FOLD 4] 3: 42.72734069824219 0.8305084745762712 49.681949615478516 0.788135593220339
[FOLD 5] 3: 48.39596176147461 0.8389830508474576 80.05902099609375 0.7288135593220338
[FOLD 6] 3: 63.13225173950195 0.788135593220339 65.6354751586914 0.7033898305084746
[FOLD 7] 3: 58.18102264404297 0.7627118644067796 57.054290771484375 0.6949152542372882
[FOLD 8] 3: 52.800697326660156 0.8305084745762712 62.986602783203125 0.7606837606837606
[FOLD 9] 3: 56.26021194458008 0.8034188034188035 61.79381561279297 0.7863247863247863
[FOLD 10] 3: 58.948028564453125 0.7863247863247863 74.01761627197266 0.7457627118644068
