[FOLD 1] 12: 59.493446350097656 0.7589285714285714 67.38040924072266 0.7589285714285714
[FOLD 2] 12: 59.755897521972656 0.7946428571428571 54.900604248046875 0.7589285714285714
[FOLD 3] 12: 57.381736755371094 0.7857142857142857 69.1063003540039 0.7027027027027027
[FOLD 4] 12: 65.0525131225586 0.7117117117117117 53.683406829833984 0.7657657657657657
[FOLD 5] 12: 49.965003967285156 0.7747747747747747 56.28926467895508 0.7927927927927928
[FOLD 6] 12: 47.624942779541016 0.8558558558558559 55.00328826904297 0.8108108108108109
[FOLD 7] 12: 44.937435150146484 0.8288288288288288 64.84162902832031 0.7027027027027027
[FOLD 8] 12: 63.961952209472656 0.7387387387387387 62.89248275756836 0.7027027027027027
[FOLD 9] 12: 61.31344223022461 0.7657657657657657 59.465171813964844 0.7657657657657657
[FOLD 10] 12: 59.70758819580078 0.8288288288288288 57.66681671142578 0.7410714285714286
