[FOLD 1] 18: 0.5218870361129959 0.7858880778588808 0.4874594007219587 0.7931873479318735
[FOLD 2] 18: 0.446677557214514 0.8223844282238443 0.5105244673691787 0.7956204379562044
[FOLD 3] 18: 0.5040583028421773 0.8077858880778589 0.5074742502980418 0.8029197080291971
[FOLD 4] 18: 0.4706337866845069 0.8223844282238443 0.5507736800552963 0.7737226277372263
[FOLD 5] 18: 0.5085368812858284 0.7980535279805353 0.5031501225062779 0.7907542579075426
[FOLD 6] 18: 0.510954339163644 0.8223844282238443 0.5550480557726575 0.7688564476885644
[FOLD 7] 18: 0.5100622053270216 0.8004866180048662 0.5748974936349052 0.7639902676399026
[FOLD 8] 18: 0.5761136959125469 0.7639902676399026 0.5440164194478617 0.7639902676399026
[FOLD 9] 18: 0.5194667419829926 0.7834549878345499 0.5334926307975472 0.7883211678832117
[FOLD 10] 18: 0.5158055243554054 0.8150851581508516 0.5360995106882863 0.7737226277372263
