[FOLD 1] 1: 0.5032367582445021 0.8150851581508516 0.5717236754182097 0.7615571776155717
[FOLD 2] 1: 0.5842225235778016 0.7420924574209246 0.568989186472707 0.7396593673965937
[FOLD 3] 1: 0.5351188659667969 0.8004866180048662 0.5618815929858716 0.7737226277372263
[FOLD 4] 1: 0.5000984922631995 0.805352798053528 0.5150343758719308 0.7834549878345499
[FOLD 5] 1: 0.4893096279788327 0.8126520681265207 0.5500730638380175 0.7931873479318735
[FOLD 6] 1: 0.5484852778447139 0.8126520681265207 0.5138372990992162 0.7907542579075426
[FOLD 7] 1: 0.5012262096652736 0.805352798053528 0.5423550816325399 0.7591240875912408
[FOLD 8] 1: 0.5165674234365488 0.7858880778588808 0.5228371657334365 0.7834549878345499
[FOLD 9] 1: 0.515186156235732 0.7931873479318735 0.426950623153092 0.8467153284671532
[FOLD 10] 1: 0.4338011308149858 0.8442822384428224 0.5025310788835798 0.805352798053528
