[FOLD 1] 2: 0.5260173004943055 0.7834549878345499 0.6081922407274122 0.7615571776155717
[FOLD 2] 2: 0.5489626995928876 0.7931873479318735 0.5468088868376496 0.7858880778588808
[FOLD 3] 2: 0.503752579627099 0.8248175182481752 0.5072252496496423 0.8004866180048662
[FOLD 4] 2: 0.49904992487523464 0.8150851581508516 0.4739207193448946 0.7956204379562044
[FOLD 5] 2: 0.46108533809711405 0.829683698296837 0.4800062476814567 0.8077858880778589
[FOLD 6] 2: 0.4787179674421038 0.8369829683698297 0.548212108364353 0.7761557177615572
[FOLD 7] 2: 0.5187422120725954 0.7980535279805353 0.5673205982555043 0.7493917274939172
[FOLD 8] 2: 0.5499849715790192 0.7883211678832117 0.5326744277755936 0.7712895377128953
[FOLD 9] 2: 0.5284463783363244 0.7688564476885644 0.4750420161655971 0.7834549878345499
[FOLD 10] 2: 0.43729409304532135 0.8321167883211679 0.5536205985329368 0.7688564476885644
