[FOLD 1] 18: 52.6904411315918 0.8135593220338984 54.080326080322266 0.7627118644067796
[FOLD 2] 18: 47.86511993408203 0.8220338983050848 55.33930206298828 0.7966101694915254
[FOLD 3] 18: 55.477813720703125 0.788135593220339 79.98711395263672 0.7796610169491526
[FOLD 4] 18: 56.34101867675781 0.8220338983050848 63.92172622680664 0.7542372881355932
[FOLD 5] 18: 62.49409866333008 0.8050847457627118 57.268821716308594 0.7966101694915254
[FOLD 6] 18: 57.733612060546875 0.8305084745762712 54.52267074584961 0.8389830508474576
[FOLD 7] 18: 51.539405822753906 0.8813559322033898 70.86207580566406 0.788135593220339
[FOLD 8] 18: 57.30329132080078 0.8305084745762712 59.19358825683594 0.7094017094017094
[FOLD 9] 18: 59.25197982788086 0.7350427350427351 62.35588455200195 0.7863247863247863
[FOLD 10] 18: 65.30750274658203 0.7948717948717948 55.43644332885742 0.8050847457627118
