[FOLD 1] 7: 54.16970443725586 0.7767857142857143 63.854190826416016 0.7142857142857143
[FOLD 2] 7: 60.96137619018555 0.7767857142857143 58.13241195678711 0.7232142857142857
[FOLD 3] 7: 48.73273849487305 0.7857142857142857 68.3857421875 0.7837837837837838
[FOLD 4] 7: 55.03942108154297 0.8378378378378378 70.10128021240234 0.7207207207207207
[FOLD 5] 7: 64.6807861328125 0.7477477477477478 60.200138092041016 0.7387387387387387
[FOLD 6] 7: 54.787574768066406 0.7837837837837838 56.54064178466797 0.8108108108108109
[FOLD 7] 7: 53.60152053833008 0.7927927927927928 70.18499755859375 0.7117117117117117
[FOLD 8] 7: 67.35765075683594 0.7207207207207207 59.07705307006836 0.7477477477477478
[FOLD 9] 7: 56.241172790527344 0.7837837837837838 62.222904205322266 0.7927927927927928
[FOLD 10] 7: 52.11722183227539 0.8288288288288288 49.38842010498047 0.8035714285714286
