[FOLD 1] 2: 59.60529708862305 0.7711864406779662 57.9416618347168 0.8050847457627118
[FOLD 2] 2: 58.47194290161133 0.8220338983050848 55.7193603515625 0.8135593220338984
[FOLD 3] 2: 50.56916046142578 0.8728813559322034 69.66021728515625 0.7457627118644068
[FOLD 4] 2: 60.892147064208984 0.7796610169491526 68.0138168334961 0.7033898305084746
[FOLD 5] 2: 59.600276947021484 0.8305084745762712 45.712677001953125 0.8728813559322034
[FOLD 6] 2: 42.48017120361328 0.8559322033898306 75.88795471191406 0.7711864406779662
[FOLD 7] 2: 61.33042907714844 0.7711864406779662 64.75810241699219 0.711864406779661
[FOLD 8] 2: 64.8387680053711 0.8135593220338984 60.2126350402832 0.7521367521367521
[FOLD 9] 2: 54.202796936035156 0.811965811965812 48.344356536865234 0.7863247863247863
[FOLD 10] 2: 46.29999923706055 0.8290598290598291 75.18782806396484 0.6949152542372882
