[FOLD 1] 14: 0.5152651056066736 0.8029197080291971 0.5156559684059837 0.7931873479318735
[FOLD 2] 14: 0.5228148472773564 0.7907542579075426 0.5293822499064657 0.805352798053528
[FOLD 3] 14: 0.532240223574948 0.8077858880778589 0.5550151676326603 0.7712895377128953
[FOLD 4] 14: 0.5503381630042931 0.7615571776155717 0.5359655454561307 0.754257907542579
[FOLD 5] 14: 0.46492076477447114 0.8199513381995134 0.566991325477501 0.7566909975669099
[FOLD 6] 14: 0.5622998299536767 0.7566909975669099 0.5318559423669592 0.805352798053528
[FOLD 7] 14: 0.5055629185267857 0.8199513381995134 0.5166514409052861 0.7834549878345499
[FOLD 8] 14: 0.48179433996027166 0.8369829683698297 0.5297337123325893 0.781021897810219
[FOLD 9] 14: 0.5051968908929205 0.8126520681265207 0.48713075712129666 0.8102189781021898
[FOLD 10] 14: 0.4805397132774452 0.829683698296837 0.5152620959591556 0.7712895377128953
