[FOLD 1] 16: 52.56462860107422 0.7966101694915254 69.09271240234375 0.7711864406779662
[FOLD 2] 16: 61.31816864013672 0.788135593220339 68.72723388671875 0.7203389830508474
[FOLD 3] 16: 59.79362869262695 0.7711864406779662 58.34442138671875 0.711864406779661
[FOLD 4] 16: 48.82731628417969 0.8135593220338984 66.25154113769531 0.788135593220339
[FOLD 5] 16: 57.84811019897461 0.8559322033898306 53.47316360473633 0.7711864406779662
[FOLD 6] 16: 49.92662048339844 0.8728813559322034 59.7489013671875 0.7372881355932204
[FOLD 7] 16: 60.33710479736328 0.7711864406779662 63.704002380371094 0.7033898305084746
[FOLD 8] 16: 55.72429275512695 0.7966101694915254 79.80318450927734 0.7692307692307693
[FOLD 9] 16: 58.640621185302734 0.7692307692307693 61.739288330078125 0.6837606837606838
[FOLD 10] 16: 60.472537994384766 0.7692307692307693 52.793670654296875 0.788135593220339
