[FOLD 1] 19: 0.49729022732028716 0.8223844282238443 0.5625886149220652 0.7664233576642335
[FOLD 2] 19: 0.5551855161592558 0.781021897810219 0.5164536909623579 0.805352798053528
[FOLD 3] 19: 0.4912063251842152 0.8321167883211679 0.5589768496426669 0.7785888077858881
[FOLD 4] 19: 0.5433642052984857 0.781021897810219 0.5419299980262657 0.7639902676399026
[FOLD 5] 19: 0.4867976523064948 0.8223844282238443 0.5187473346660664 0.781021897810219
[FOLD 6] 19: 0.5292792704198268 0.7956204379562044 0.5272262152139242 0.7980535279805353
[FOLD 7] 19: 0.550946518043419 0.7980535279805353 0.4997508581582602 0.8004866180048662
[FOLD 8] 19: 0.49285097493753804 0.7980535279805353 0.5124326383912718 0.7907542579075426
[FOLD 9] 19: 0.5256778518874924 0.8102189781021898 0.5077445587554535 0.8077858880778589
[FOLD 10] 19: 0.48132784459498024 0.8077858880778589 0.5286301253677963 0.7834549878345499
