[FOLD 1] 7: 0.5408030076460405 0.7907542579075426 0.5124884370085481 0.7883211678832117
[FOLD 2] 7: 0.4999144814231179 0.8077858880778589 0.5169752492533102 0.8077858880778589
[FOLD 3] 7: 0.5102773988401735 0.805352798053528 0.5299154851343725 0.7931873479318735
[FOLD 4] 7: 0.4951409946788441 0.8150851581508516 0.4917053272197773 0.8102189781021898
[FOLD 5] 7: 0.5200370739032696 0.8150851581508516 0.5368473895184406 0.781021897810219
[FOLD 6] 7: 0.5487547515274642 0.7883211678832117 0.5594083711698458 0.7518248175182481
[FOLD 7] 7: 0.550093311458439 0.7858880778588808 0.4400127410888672 0.8150851581508516
[FOLD 8] 7: 0.4413943253554307 0.8442822384428224 0.5489404950823102 0.7858880778588808
[FOLD 9] 7: 0.5336970292128526 0.7907542579075426 0.5409999946495155 0.754257907542579
[FOLD 10] 7: 0.5051892020485618 0.7858880778588808 0.5549555047765955 0.7615571776155717
