[FOLD 1] 16: 0.5255888133854061 0.7858880778588808 0.5823088212446733 0.7372262773722628
[FOLD 2] 16: 0.5495828058812525 0.7761557177615572 0.5262300466562246 0.8029197080291971
[FOLD 3] 16: 0.5336531081756988 0.8199513381995134 0.5535069329398019 0.7688564476885644
[FOLD 4] 16: 0.49701818986372515 0.8029197080291971 0.47323866509771967 0.7858880778588808
[FOLD 5] 16: 0.4727294599855101 0.8150851581508516 0.4940675165746119 0.8126520681265207
[FOLD 6] 16: 0.4957538010238053 0.8248175182481752 0.5425513800088462 0.7761557177615572
[FOLD 7] 16: 0.5367610609376585 0.7907542579075426 0.5243789524226994 0.7712895377128953
[FOLD 8] 16: 0.4986123345114968 0.7956204379562044 0.5144496224143288 0.7931873479318735
[FOLD 9] 16: 0.5352047783987862 0.8199513381995134 0.5915111046332817 0.781021897810219
[FOLD 10] 16: 0.5000861774791371 0.8223844282238443 0.49774922209900696 0.7931873479318735
