[FOLD 1] 4: 0.6009009769984655 0.7396593673965937 0.5733397843001725 0.7591240875912408
[FOLD 2] 4: 0.554248368894899 0.7858880778588808 0.5709197453090122 0.7664233576642335
[FOLD 3] 4: 0.5659695266129134 0.7907542579075426 0.5842592115526075 0.7518248175182481
[FOLD 4] 4: 0.5259578382814085 0.8004866180048662 0.5147810428173512 0.8004866180048662
[FOLD 5] 4: 0.5211680498990146 0.7931873479318735 0.5115607992395178 0.7907542579075426
[FOLD 6] 4: 0.49894950173117897 0.8004866180048662 0.5054764165506734 0.781021897810219
[FOLD 7] 4: 0.47786734940169695 0.8150851581508516 0.5002902439662389 0.805352798053528
[FOLD 8] 4: 0.512016876022537 0.805352798053528 0.5133504396909243 0.8004866180048662
[FOLD 9] 4: 0.4750760066044795 0.8345498783454988 0.48947742511699727 0.7858880778588808
[FOLD 10] 4: 0.47268530610319853 0.8175182481751825 0.5729289414046647 0.7396593673965937
