[FOLD 1] 0: 70.48104095458984 0.7589285714285714 58.89016342163086 0.7142857142857143
[FOLD 2] 0: 59.648075103759766 0.75 57.437599182128906 0.7857142857142857
[FOLD 3] 0: 56.12260818481445 0.8035714285714286 51.93764877319336 0.7837837837837838
[FOLD 4] 0: 54.431583404541016 0.8198198198198198 47.1529541015625 0.8198198198198198
[FOLD 5] 0: 46.937408447265625 0.8198198198198198 52.62396240234375 0.8018018018018018
[FOLD 6] 0: 48.0571174621582 0.8108108108108109 75.47403717041016 0.7297297297297297
[FOLD 7] 0: 64.5674057006836 0.7747747747747747 59.0982666015625 0.7387387387387387
[FOLD 8] 0: 60.67609405517578 0.7747747747747747 62.517704010009766 0.7207207207207207
[FOLD 9] 0: 60.54255676269531 0.7927927927927928 58.56275939941406 0.7207207207207207
[FOLD 10] 0: 62.05949783325195 0.7657657657657657 71.51668548583984 0.6696428571428571
