[FOLD 1] 7: 55.15296173095703 0.8050847457627118 48.94303894042969 0.8305084745762712
[FOLD 2] 7: 48.07950973510742 0.8305084745762712 61.013893127441406 0.7372881355932204
[FOLD 3] 7: 58.134918212890625 0.7711864406779662 54.80073165893555 0.8135593220338984
[FOLD 4] 7: 56.41395950317383 0.8050847457627118 67.28050231933594 0.7372881355932204
[FOLD 5] 7: 65.22157287597656 0.7542372881355932 58.667083740234375 0.7542372881355932
[FOLD 6] 7: 57.59880447387695 0.7796610169491526 60.08247375488281 0.7796610169491526
[FOLD 7] 7: 57.83442687988281 0.7711864406779662 59.28992462158203 0.7542372881355932
[FOLD 8] 7: 61.585330963134766 0.7711864406779662 66.70284271240234 0.717948717948718
[FOLD 9] 7: 65.0033950805664 0.8034188034188035 56.333309173583984 0.7948717948717948
[FOLD 10] 7: 50.56319808959961 0.8632478632478633 51.39187240600586 0.7966101694915254
