[FOLD 1] 11: 0.5152813998135654 0.8029197080291971 0.5583146157202783 0.7615571776155717
[FOLD 2] 11: 0.5036289338941699 0.8248175182481752 0.5337575962017109 0.8102189781021898
[FOLD 3] 11: 0.5213423617474444 0.8029197080291971 0.5216681146002435 0.7785888077858881
[FOLD 4] 11: 0.48063879384622943 0.829683698296837 0.5668294287347174 0.7639902676399026
[FOLD 5] 11: 0.511418865253399 0.8004866180048662 0.5122457751980075 0.7761557177615572
[FOLD 6] 11: 0.5044669163691533 0.7907542579075426 0.5219353812081473 0.7737226277372263
[FOLD 7] 11: 0.5262131703364384 0.7956204379562044 0.5471527991356788 0.7980535279805353
[FOLD 8] 11: 0.539047791121842 0.8004866180048662 0.5070180125050731 0.7834549878345499
[FOLD 9] 11: 0.5162352029379312 0.8150851581508516 0.5633042422207919 0.7420924574209246
[FOLD 10] 11: 0.5341636583402559 0.7858880778588808 0.5038242364858652 0.7931873479318735
