[FOLD 1] 1: 53.94281005859375 0.8035714285714286 59.0977897644043 0.7232142857142857
[FOLD 2] 1: 57.76713943481445 0.7857142857142857 65.09329223632812 0.7589285714285714
[FOLD 3] 1: 61.71735382080078 0.7946428571428571 63.79732131958008 0.7747747747747747
[FOLD 4] 1: 63.355674743652344 0.7567567567567568 52.82094955444336 0.7837837837837838
[FOLD 5] 1: 48.0858154296875 0.8378378378378378 64.06746673583984 0.7117117117117117
[FOLD 6] 1: 64.18672943115234 0.7657657657657657 85.90641784667969 0.7387387387387387
[FOLD 7] 1: 65.86978149414062 0.7747747747747747 67.608642578125 0.6846846846846847
[FOLD 8] 1: 60.181365966796875 0.7297297297297297 56.861671447753906 0.7207207207207207
[FOLD 9] 1: 51.39214324951172 0.7927927927927928 49.42962646484375 0.8108108108108109
[FOLD 10] 1: 49.95558547973633 0.8198198198198198 56.71403884887695 0.7767857142857143
