[FOLD 1] 11: 52.46664810180664 0.8305084745762712 64.36529541015625 0.7796610169491526
[FOLD 2] 11: 54.752906799316406 0.8135593220338984 67.12004852294922 0.7372881355932204
[FOLD 3] 11: 60.658470153808594 0.7966101694915254 65.84366607666016 0.7542372881355932
[FOLD 4] 11: 60.70534896850586 0.7627118644067796 68.59153747558594 0.7627118644067796
[FOLD 5] 11: 63.70443344116211 0.7796610169491526 52.20547103881836 0.8050847457627118
[FOLD 6] 11: 48.37885665893555 0.847457627118644 63.98084259033203 0.788135593220339
[FOLD 7] 11: 56.25032043457031 0.8135593220338984 67.42205810546875 0.7033898305084746
[FOLD 8] 11: 62.861656188964844 0.711864406779661 52.749515533447266 0.7606837606837606
[FOLD 9] 11: 46.13472366333008 0.8290598290598291 57.52050018310547 0.7948717948717948
[FOLD 10] 11: 53.986595153808594 0.8034188034188035 52.6376838684082 0.788135593220339
