[FOLD 1] 18: 54.520904541015625 0.7857142857142857 66.2707748413086 0.6964285714285714
[FOLD 2] 18: 66.6711654663086 0.7767857142857143 58.879337310791016 0.8035714285714286
[FOLD 3] 18: 60.80830764770508 0.8125 56.39988708496094 0.7567567567567568
[FOLD 4] 18: 55.965599060058594 0.8018018018018018 57.321170806884766 0.7477477477477478
[FOLD 5] 18: 53.39967346191406 0.8018018018018018 52.94145202636719 0.7747747747747747
[FOLD 6] 18: 52.64076232910156 0.7927927927927928 50.582801818847656 0.7567567567567568
[FOLD 7] 18: 52.22687911987305 0.7927927927927928 62.4996452331543 0.7297297297297297
[FOLD 8] 18: 59.398189544677734 0.7477477477477478 74.89656066894531 0.7027027027027027
[FOLD 9] 18: 69.64783477783203 0.7747747747747747 62.07655715942383 0.7387387387387387
[FOLD 10] 18: 60.83224868774414 0.7837837837837838 58.39030075073242 0.7142857142857143
