[FOLD 1] 14: 67.01913452148438 0.847457627118644 59.04175567626953 0.7372881355932204
[FOLD 2] 14: 55.37322998046875 0.8050847457627118 52.84906005859375 0.788135593220339
[FOLD 3] 14: 50.913272857666016 0.8135593220338984 59.18190002441406 0.7288135593220338
[FOLD 4] 14: 58.0208625793457 0.7966101694915254 50.84006881713867 0.7966101694915254
[FOLD 5] 14: 50.068485260009766 0.847457627118644 67.27495574951172 0.7627118644067796
[FOLD 6] 14: 59.70994186401367 0.8305084745762712 50.625457763671875 0.7796610169491526
[FOLD 7] 14: 45.65595626831055 0.8559322033898306 59.05708694458008 0.7711864406779662
[FOLD 8] 14: 59.12321472167969 0.8305084745762712 60.12718200683594 0.7692307692307693
[FOLD 9] 14: 55.61513137817383 0.8034188034188035 71.23649597167969 0.7350427350427351
[FOLD 10] 14: 60.39162063598633 0.7521367521367521 69.73819732666016 0.7627118644067796
