[FOLD 1] 4: 36.4969482421875 0.8813559322033898 78.68955993652344 0.7372881355932204
[FOLD 2] 4: 63.31925964355469 0.7796610169491526 61.40032958984375 0.7796610169491526
[FOLD 3] 4: 54.8058967590332 0.8389830508474576 61.9885139465332 0.7627118644067796
[FOLD 4] 4: 60.472164154052734 0.788135593220339 55.06009292602539 0.788135593220339
[FOLD 5] 4: 62.725830078125 0.8389830508474576 49.41785430908203 0.7711864406779662
[FOLD 6] 4: 54.36052703857422 0.7796610169491526 60.096153259277344 0.8050847457627118
[FOLD 7] 4: 55.42864227294922 0.8220338983050848 61.82364273071289 0.7203389830508474
[FOLD 8] 4: 60.45956802368164 0.7711864406779662 68.08196258544922 0.7008547008547008
[FOLD 9] 4: 62.239131927490234 0.7692307692307693 60.75904083251953 0.7692307692307693
[FOLD 10] 4: 57.998600006103516 0.8034188034188035 45.455322265625 0.847457627118644
