[FOLD 1] 3: 55.66070556640625 0.8125 57.13624572753906 0.75
[FOLD 2] 3: 56.546566009521484 0.7589285714285714 56.78729248046875 0.7589285714285714
[FOLD 3] 3: 52.70114517211914 0.8303571428571429 74.52729797363281 0.6936936936936937
[FOLD 4] 3: 71.1898193359375 0.7387387387387387 65.72749328613281 0.6936936936936937
[FOLD 5] 3: 64.51383209228516 0.7747747747747747 50.59163284301758 0.7747747747747747
[FOLD 6] 3: 50.83197021484375 0.8018018018018018 55.91645812988281 0.7747747747747747
[FOLD 7] 3: 54.12287139892578 0.7747747747747747 53.679954528808594 0.7657657657657657
[FOLD 8] 3: 51.302589416503906 0.8108108108108109 59.51659393310547 0.7837837837837838
[FOLD 9] 3: 56.91883850097656 0.7927927927927928 65.96647644042969 0.7297297297297297
[FOLD 10] 3: 65.90988159179688 0.7567567567567568 59.5927734375 0.75
