[FOLD 1] 5: 49.469818115234375 0.847457627118644 59.11207580566406 0.7711864406779662
[FOLD 2] 5: 51.926631927490234 0.8220338983050848 70.60691833496094 0.7203389830508474
[FOLD 3] 5: 67.03256225585938 0.7542372881355932 69.9890365600586 0.6440677966101694
[FOLD 4] 5: 67.68370056152344 0.7627118644067796 68.87586212158203 0.7542372881355932
[FOLD 5] 5: 61.899314880371094 0.8305084745762712 50.05857467651367 0.8050847457627118
[FOLD 6] 5: 46.825809478759766 0.847457627118644 42.893306732177734 0.8389830508474576
[FOLD 7] 5: 42.260498046875 0.864406779661017 50.80709457397461 0.7966101694915254
[FOLD 8] 5: 47.351715087890625 0.864406779661017 64.27316284179688 0.7777777777777778
[FOLD 9] 5: 61.59698486328125 0.7777777777777778 59.263511657714844 0.7948717948717948
[FOLD 10] 5: 52.66041946411133 0.811965811965812 58.42527770996094 0.8050847457627118
