[FOLD 1] 17: 66.75099182128906 0.7321428571428571 62.68486022949219 0.7321428571428571
[FOLD 2] 17: 61.439598083496094 0.75 62.99594497680664 0.7678571428571429
[FOLD 3] 17: 61.27162170410156 0.7857142857142857 51.09770965576172 0.8018018018018018
[FOLD 4] 17: 51.58466720581055 0.8288288288288288 60.369422912597656 0.7567567567567568
[FOLD 5] 17: 56.97190856933594 0.8108108108108109 59.698509216308594 0.7027027027027027
[FOLD 6] 17: 52.75954818725586 0.7927927927927928 56.496826171875 0.7477477477477478
[FOLD 7] 17: 56.84846878051758 0.7927927927927928 62.12798309326172 0.7297297297297297
[FOLD 8] 17: 62.75836944580078 0.7657657657657657 62.02596664428711 0.6846846846846847
[FOLD 9] 17: 59.241458892822266 0.7837837837837838 51.52277374267578 0.7927927927927928
[FOLD 10] 17: 51.99732208251953 0.8198198198198198 95.13941955566406 0.7142857142857143
