[FOLD 1] 9: 52.3194694519043 0.8050847457627118 55.06018829345703 0.7711864406779662
[FOLD 2] 9: 60.06808853149414 0.7711864406779662 71.55821228027344 0.7203389830508474
[FOLD 3] 9: 60.652706146240234 0.7796610169491526 65.83467864990234 0.7372881355932204
[FOLD 4] 9: 68.7791976928711 0.7711864406779662 67.7115478515625 0.7033898305084746
[FOLD 5] 9: 57.73844528198242 0.8050847457627118 49.03146743774414 0.8050847457627118
[FOLD 6] 9: 50.535850524902344 0.864406779661017 78.9102783203125 0.7711864406779662
[FOLD 7] 9: 61.444435119628906 0.7966101694915254 51.83677673339844 0.788135593220339
[FOLD 8] 9: 42.27104187011719 0.864406779661017 74.93720245361328 0.7692307692307693
[FOLD 9] 9: 61.06648254394531 0.8034188034188035 57.96609878540039 0.7264957264957265
[FOLD 10] 9: 57.30144119262695 0.7948717948717948 48.44856643676758 0.8220338983050848
