[FOLD 1] 10: 0.4641837726939808 0.8248175182481752 0.5451938530067345 0.7639902676399026
[FOLD 2] 10: 0.5335054026021586 0.7737226277372263 0.5366260726730545 0.7883211678832117
[FOLD 3] 10: 0.5559405363999403 0.7883211678832117 0.5286369422813515 0.7712895377128953
[FOLD 4] 10: 0.5008192632105444 0.8394160583941606 0.5380538345931413 0.781021897810219
[FOLD 5] 10: 0.5353297939548245 0.7883211678832117 0.5306203966016894 0.7980535279805353
[FOLD 6] 10: 0.5132775542023894 0.8150851581508516 0.4664382439155083 0.8077858880778589
[FOLD 7] 10: 0.4435243284547484 0.8272506082725061 0.48105601521281455 0.7883211678832117
[FOLD 8] 10: 0.49898892192097455 0.8272506082725061 0.5362347317980481 0.7980535279805353
[FOLD 9] 10: 0.5226379444072773 0.8004866180048662 0.5795235200361772 0.7664233576642335
[FOLD 10] 10: 0.5510075259518313 0.7907542579075426 0.4761220089800946 0.8004866180048662
