[FOLD 1] 9: 59.536136627197266 0.7678571428571429 60.8524055480957 0.7946428571428571
[FOLD 2] 9: 53.576507568359375 0.7946428571428571 67.96715545654297 0.7410714285714286
[FOLD 3] 9: 56.89873504638672 0.7678571428571429 56.23710250854492 0.7387387387387387
[FOLD 4] 9: 53.553436279296875 0.7747747747747747 57.503997802734375 0.7747747747747747
[FOLD 5] 9: 57.199195861816406 0.8198198198198198 56.902381896972656 0.7657657657657657
[FOLD 6] 9: 57.33832931518555 0.7567567567567568 61.52286911010742 0.7837837837837838
[FOLD 7] 9: 62.05501174926758 0.7477477477477478 75.11959838867188 0.7477477477477478
[FOLD 8] 9: 61.98735809326172 0.7657657657657657 61.967979431152344 0.7477477477477478
[FOLD 9] 9: 61.544830322265625 0.7567567567567568 54.91910934448242 0.7747747747747747
[FOLD 10] 9: 52.59898376464844 0.7837837837837838 69.54632568359375 0.7232142857142857
