[FOLD 1] 13: 51.818565368652344 0.847457627118644 100.72639465332031 0.7457627118644068
[FOLD 2] 13: 59.73197555541992 0.8135593220338984 65.9537353515625 0.7796610169491526
[FOLD 3] 13: 60.11927795410156 0.8050847457627118 59.38874816894531 0.7033898305084746
[FOLD 4] 13: 51.816429138183594 0.8135593220338984 58.76197052001953 0.8305084745762712
[FOLD 5] 13: 55.90953063964844 0.8389830508474576 69.28253936767578 0.7627118644067796
[FOLD 6] 13: 57.37871551513672 0.8135593220338984 53.898834228515625 0.7627118644067796
[FOLD 7] 13: 51.04267120361328 0.8305084745762712 56.364402770996094 0.7288135593220338
[FOLD 8] 13: 49.01228332519531 0.8305084745762712 76.18618774414062 0.7606837606837606
[FOLD 9] 13: 63.87294006347656 0.7863247863247863 58.722198486328125 0.7777777777777778
[FOLD 10] 13: 49.07379150390625 0.8547008547008547 49.792510986328125 0.8050847457627118
