[FOLD 1] 0: 0.5165945721911146 0.7907542579075426 0.4834469361738725 0.8126520681265207
[FOLD 2] 0: 0.46014810041947796 0.8394160583941606 0.5550244665765143 0.7956204379562044
[FOLD 3] 0: 0.5324836508020178 0.8150851581508516 0.555987598369648 0.7785888077858881
[FOLD 4] 0: 0.5265454428536551 0.7883211678832117 0.48639236301570743 0.8029197080291971
[FOLD 5] 0: 0.45096864576463574 0.8272506082725061 0.5215839138278714 0.7761557177615572
[FOLD 6] 0: 0.5213677542550224 0.7931873479318735 0.5331698157570579 0.7664233576642335
[FOLD 7] 0: 0.5272020538131912 0.7956204379562044 0.49281205264004796 0.8004866180048662
[FOLD 8] 0: 0.4674579372653713 0.8272506082725061 0.5824967619660613 0.7664233576642335
[FOLD 9] 0: 0.5747137044931387 0.754257907542579 0.502543947294161 0.7761557177615572
[FOLD 10] 0: 0.4822806420264306 0.8272506082725061 0.5143564125160118 0.781021897810219
