[FOLD 1] 12: 59.74824142456055 0.8220338983050848 56.36564636230469 0.7457627118644068
[FOLD 2] 12: 53.859764099121094 0.8050847457627118 63.163570404052734 0.7033898305084746
[FOLD 3] 12: 51.73650360107422 0.8305084745762712 70.49966430664062 0.7542372881355932
[FOLD 4] 12: 57.04572296142578 0.8220338983050848 61.47562789916992 0.8050847457627118
[FOLD 5] 12: 61.88469314575195 0.7966101694915254 61.88698196411133 0.6949152542372882
[FOLD 6] 12: 57.65655517578125 0.7711864406779662 52.437808990478516 0.788135593220339
[FOLD 7] 12: 48.40918731689453 0.864406779661017 54.629493713378906 0.788135593220339
[FOLD 8] 12: 54.914764404296875 0.8220338983050848 68.09378814697266 0.7264957264957265
[FOLD 9] 12: 66.61573028564453 0.7863247863247863 70.83424377441406 0.7264957264957265
[FOLD 10] 12: 61.9031867980957 0.8034188034188035 65.4640121459961 0.6949152542372882
