[FOLD 1] 6: 59.52468490600586 0.7857142857142857 53.76357650756836 0.7857142857142857
[FOLD 2] 6: 56.350730895996094 0.7767857142857143 56.297306060791016 0.75
[FOLD 3] 6: 53.74924850463867 0.8214285714285714 61.45916748046875 0.7117117117117117
[FOLD 4] 6: 61.496543884277344 0.7837837837837838 65.47502136230469 0.7297297297297297
[FOLD 5] 6: 63.70685577392578 0.7297297297297297 50.237789154052734 0.7927927927927928
[FOLD 6] 6: 43.908172607421875 0.8468468468468469 64.80162811279297 0.7657657657657657
[FOLD 7] 6: 52.45431137084961 0.7837837837837838 61.34495162963867 0.7837837837837838
[FOLD 8] 6: 56.83501052856445 0.7657657657657657 56.49398422241211 0.7747747747747747
[FOLD 9] 6: 54.514930725097656 0.7837837837837838 66.07018280029297 0.7387387387387387
[FOLD 10] 6: 60.277957916259766 0.7837837837837838 61.71429443359375 0.7767857142857143
