[FOLD 1] 6: 0.48091549068302303 0.8248175182481752 0.5513202394757952 0.7615571776155717
[FOLD 2] 6: 0.514043733671114 0.8102189781021898 0.5184163279347606 0.7883211678832117
[FOLD 3] 6: 0.4900077448262797 0.805352798053528 0.5118550709315709 0.8029197080291971
[FOLD 4] 6: 0.5555320492038479 0.7883211678832117 0.5612262527663986 0.7372262773722628
[FOLD 5] 6: 0.5596807009213931 0.7566909975669099 0.5563789392446543 0.7664233576642335
[FOLD 6] 6: 0.5332501077032709 0.7858880778588808 0.5839549176104657 0.754257907542579
[FOLD 7] 6: 0.5640511772849343 0.7639902676399026 0.5198977631407898 0.7834549878345499
[FOLD 8] 6: 0.5147167205810547 0.8077858880778589 0.5082919603818423 0.7931873479318735
[FOLD 9] 6: 0.5210583674443232 0.7980535279805353 0.5535149091249937 0.7469586374695864
[FOLD 10] 6: 0.4860983687561828 0.805352798053528 0.4905120725755568 0.8102189781021898
