[FOLD 1] 2: 59.095970153808594 0.8125 55.7558479309082 0.75
[FOLD 2] 2: 54.106082916259766 0.7589285714285714 48.5877799987793 0.8125
[FOLD 3] 2: 44.40460205078125 0.8392857142857143 65.70398712158203 0.7207207207207207
[FOLD 4] 2: 66.53617858886719 0.7567567567567568 55.9119987487793 0.7747747747747747
[FOLD 5] 2: 40.61919021606445 0.8288288288288288 81.4878158569336 0.7657657657657657
[FOLD 6] 2: 48.33462142944336 0.7927927927927928 59.75921630859375 0.7387387387387387
[FOLD 7] 2: 53.707645416259766 0.7837837837837838 60.54633712768555 0.7387387387387387
[FOLD 8] 2: 53.634830474853516 0.7837837837837838 70.60600280761719 0.7027027027027027
[FOLD 9] 2: 67.25621032714844 0.7747747747747747 69.9002685546875 0.7387387387387387
[FOLD 10] 2: 68.45099639892578 0.7297297297297297 61.52884292602539 0.7857142857142857
