[FOLD 1] 14: 56.42803192138672 0.7767857142857143 64.83016967773438 0.7678571428571429
[FOLD 2] 14: 63.61723327636719 0.7589285714285714 70.49732971191406 0.7589285714285714
[FOLD 3] 14: 65.24694061279297 0.7767857142857143 60.15930938720703 0.7387387387387387
[FOLD 4] 14: 58.32743453979492 0.7657657657657657 54.714019775390625 0.7837837837837838
[FOLD 5] 14: 54.83712387084961 0.8108108108108109 69.65269470214844 0.6756756756756757
[FOLD 6] 14: 65.29872131347656 0.7207207207207207 55.871368408203125 0.7477477477477478
[FOLD 7] 14: 51.916019439697266 0.8018018018018018 66.95515441894531 0.7387387387387387
[FOLD 8] 14: 60.263187408447266 0.7747747747747747 51.39999771118164 0.8108108108108109
[FOLD 9] 14: 51.260887145996094 0.8108108108108109 49.96259307861328 0.7927927927927928
[FOLD 10] 14: 51.211753845214844 0.8288288288288288 55.183162689208984 0.7946428571428571
