[FOLD 1] 12: 0.4955121052729619 0.8126520681265207 0.5202835132549335 0.7615571776155717
[FOLD 2] 12: 0.5103590085908964 0.7883211678832117 0.4783965866287033 0.8272506082725061
[FOLD 3] 12: 0.4895221759746601 0.8272506082725061 0.5497393323229505 0.7615571776155717
[FOLD 4] 12: 0.5545909336635044 0.7761557177615572 0.5808739228682085 0.7372262773722628
[FOLD 5] 12: 0.5798130382191051 0.7639902676399026 0.5834450535960012 0.7420924574209246
[FOLD 6] 12: 0.5597388502839323 0.781021897810219 0.528762217930385 0.7785888077858881
[FOLD 7] 12: 0.4940857577633548 0.7980535279805353 0.5566692897251674 0.7591240875912408
[FOLD 8] 12: 0.5079394006109857 0.7956204379562044 0.46240569523402625 0.805352798053528
[FOLD 9] 12: 0.45539338495824244 0.8321167883211679 0.5130207111309101 0.805352798053528
[FOLD 10] 12: 0.5267822884894037 0.8102189781021898 0.4873541274628082 0.7956204379562044
