[FOLD 1] 8: 0.5065549677068537 0.8029197080291971 0.5035014759410511 0.7980535279805353
[FOLD 2] 8: 0.503546496800014 0.8077858880778589 0.4869760810554802 0.8004866180048662
[FOLD 3] 8: 0.5156616755894252 0.8077858880778589 0.4640288241497882 0.829683698296837
[FOLD 4] 8: 0.4298948981545188 0.8564476885644768 0.5704677532245587 0.7931873479318735
[FOLD 5] 8: 0.5504751403610427 0.7907542579075426 0.5374956750250482 0.7566909975669099
[FOLD 6] 8: 0.5110778015929384 0.7956204379562044 0.5406502909474559 0.7712895377128953
[FOLD 7] 8: 0.5434746779404678 0.8223844282238443 0.6164729353669401 0.7834549878345499
[FOLD 8] 8: 0.550617012420258 0.7858880778588808 0.531534328708401 0.7566909975669099
[FOLD 9] 8: 0.5027847290039062 0.8077858880778589 0.5581568111072887 0.7931873479318735
[FOLD 10] 8: 0.5258741601721033 0.805352798053528 0.5381122539569805 0.7761557177615572
