[FOLD 1] 5: 0.5828776718734147 0.7615571776155717 0.46497060478507696 0.8199513381995134
[FOLD 2] 5: 0.45914978919091165 0.851581508515815 0.5284746541605367 0.7688564476885644
[FOLD 3] 5: 0.5170081002371651 0.7883211678832117 0.5707709820239575 0.732360097323601
[FOLD 4] 5: 0.5572259184602019 0.7712895377128953 0.5314521145510983 0.7566909975669099
[FOLD 5] 5: 0.5305317544317865 0.7664233576642335 0.5904058010547192 0.7469586374695864
[FOLD 6] 5: 0.5478066654948445 0.7907542579075426 0.5414272506515702 0.7761557177615572
[FOLD 7] 5: 0.5554266595221186 0.7931873479318735 0.5866780070515422 0.7712895377128953
[FOLD 8] 5: 0.5931820386415952 0.7591240875912408 0.5425666511832894 0.7712895377128953
[FOLD 9] 5: 0.47810659532423144 0.8272506082725061 0.4850102362694678 0.7834549878345499
[FOLD 10] 5: 0.4762005545876243 0.8150851581508516 0.5814292164592 0.7591240875912408
