[FOLD 1] 4: 50.7892951965332 0.8214285714285714 53.81293869018555 0.7767857142857143
[FOLD 2] 4: 57.5091667175293 0.7946428571428571 62.81022262573242 0.7321428571428571
[FOLD 3] 4: 59.63505172729492 0.7589285714285714 58.41255569458008 0.7837837837837838
[FOLD 4] 4: 56.753761291503906 0.8108108108108109 68.63095092773438 0.7567567567567568
[FOLD 5] 4: 54.897239685058594 0.8198198198198198 61.771968841552734 0.7567567567567568
[FOLD 6] 4: 60.96604537963867 0.7747747747747747 65.50531005859375 0.7567567567567568
[FOLD 7] 4: 60.71248245239258 0.8018018018018018 63.31989669799805 0.7477477477477478
[FOLD 8] 4: 61.58806228637695 0.7567567567567568 60.55979919433594 0.7117117117117117
[FOLD 9] 4: 58.753456115722656 0.7477477477477478 51.346805572509766 0.8108108108108109
[FOLD 10] 4: 48.106605529785156 0.8378378378378378 52.503299713134766 0.8392857142857143
