[FOLD 1] 10: 56.548858642578125 0.8214285714285714 73.95844268798828 0.7946428571428571
[FOLD 2] 10: 60.55498504638672 0.7678571428571429 71.71927642822266 0.75
[FOLD 3] 10: 61.63277816772461 0.75 59.75812530517578 0.7387387387387387
[FOLD 4] 10: 54.611366271972656 0.7747747747747747 55.17975997924805 0.7297297297297297
[FOLD 5] 10: 56.415626525878906 0.7567567567567568 53.28657150268555 0.7657657657657657
[FOLD 6] 10: 50.98322296142578 0.8288288288288288 55.51451110839844 0.8018018018018018
[FOLD 7] 10: 48.31009292602539 0.7927927927927928 53.93793487548828 0.7747747747747747
[FOLD 8] 10: 55.63898849487305 0.8198198198198198 70.10955810546875 0.7027027027027027
[FOLD 9] 10: 64.3803939819336 0.7117117117117117 61.895751953125 0.7387387387387387
[FOLD 10] 10: 58.18659973144531 0.7927927927927928 64.5834732055664 0.7767857142857143
