[FOLD 1] 17: 48.50275421142578 0.8050847457627118 61.1708984375 0.7542372881355932
[FOLD 2] 17: 58.5142822265625 0.7966101694915254 63.12881088256836 0.7372881355932204
[FOLD 3] 17: 60.76885986328125 0.7796610169491526 55.42952346801758 0.8050847457627118
[FOLD 4] 17: 53.547935485839844 0.847457627118644 60.46413803100586 0.7627118644067796
[FOLD 5] 17: 58.44731521606445 0.8135593220338984 58.382415771484375 0.7542372881355932
[FOLD 6] 17: 53.07178497314453 0.8389830508474576 64.16828155517578 0.7711864406779662
[FOLD 7] 17: 63.46114730834961 0.7542372881355932 55.797691345214844 0.8050847457627118
[FOLD 8] 17: 46.28143310546875 0.8220338983050848 56.856727600097656 0.8034188034188035
[FOLD 9] 17: 56.84851837158203 0.8034188034188035 57.26028823852539 0.7777777777777778
[FOLD 10] 17: 54.04241943359375 0.8376068376068376 58.61125564575195 0.7711864406779662
