[FOLD 1] 8: 47.891231536865234 0.8389830508474576 58.0972900390625 0.7542372881355932
[FOLD 2] 8: 54.70658874511719 0.8050847457627118 59.60938262939453 0.7627118644067796
[FOLD 3] 8: 55.45845031738281 0.8389830508474576 62.1167106628418 0.7033898305084746
[FOLD 4] 8: 61.28804016113281 0.7711864406779662 60.53175354003906 0.7542372881355932
[FOLD 5] 8: 52.50566482543945 0.8559322033898306 66.76802062988281 0.7372881355932204
[FOLD 6] 8: 59.11480712890625 0.7966101694915254 55.210628509521484 0.8050847457627118
[FOLD 7] 8: 51.267494201660156 0.8305084745762712 71.88987731933594 0.6949152542372882
[FOLD 8] 8: 64.4105453491211 0.7796610169491526 63.67292785644531 0.7692307692307693
[FOLD 9] 8: 54.1660041809082 0.811965811965812 59.91120147705078 0.8290598290598291
[FOLD 10] 8: 56.06340408325195 0.8376068376068376 57.65950012207031 0.7711864406779662
