[FOLD 1] 3: 0.5144492112196886 0.7956204379562044 0.5513999641715707 0.7834549878345499
[FOLD 2] 3: 0.5477506414636389 0.7956204379562044 0.6135583060128348 0.7664233576642335
[FOLD 3] 3: 0.5788117173430207 0.7615571776155717 0.5387877476679814 0.7858880778588808
[FOLD 4] 3: 0.5035168833546825 0.8150851581508516 0.5389281929313362 0.7907542579075426
[FOLD 5] 3: 0.5075977870396206 0.8029197080291971 0.5352829326282847 0.7737226277372263
[FOLD 6] 3: 0.521955477726924 0.7883211678832117 0.5387223503806374 0.7907542579075426
[FOLD 7] 3: 0.5060872362805652 0.8272506082725061 0.47635104687182933 0.8272506082725061
[FOLD 8] 3: 0.42822559406230976 0.8467153284671532 0.5463410067867923 0.7712895377128953
[FOLD 9] 3: 0.5008824459918133 0.7907542579075426 0.5239682061331613 0.7785888077858881
[FOLD 10] 3: 0.5112392871410816 0.7956204379562044 0.5225243432181222 0.7761557177615572
