[FOLD 1] 15: 58.43119812011719 0.7410714285714286 51.51850128173828 0.8392857142857143
[FOLD 2] 15: 49.37348556518555 0.8392857142857143 61.386837005615234 0.7410714285714286
[FOLD 3] 15: 54.22397232055664 0.7946428571428571 56.713623046875 0.7477477477477478
[FOLD 4] 15: 51.830299377441406 0.8018018018018018 63.87620544433594 0.7117117117117117
[FOLD 5] 15: 63.628639221191406 0.7567567567567568 66.72318267822266 0.7297297297297297
[FOLD 6] 15: 64.0363998413086 0.7747747747747747 66.24012756347656 0.7747747747747747
[FOLD 7] 15: 57.12986755371094 0.7837837837837838 59.515586853027344 0.7387387387387387
[FOLD 8] 15: 59.15214920043945 0.7747747747747747 60.066226959228516 0.8018018018018018
[FOLD 9] 15: 64.40027618408203 0.8198198198198198 59.09278106689453 0.7657657657657657
[FOLD 10] 15: 54.50662612915039 0.7747747747747747 62.573455810546875 0.7142857142857143
