[FOLD 1] 8: 57.46506118774414 0.7678571428571429 67.17008972167969 0.7142857142857143
[FOLD 2] 8: 62.896568298339844 0.7589285714285714 50.51664733886719 0.7589285714285714
[FOLD 3] 8: 49.700103759765625 0.8482142857142857 55.109798431396484 0.7747747747747747
[FOLD 4] 8: 52.019100189208984 0.8108108108108109 54.14103317260742 0.7927927927927928
[FOLD 5] 8: 51.494712829589844 0.7927927927927928 56.04709243774414 0.7567567567567568
[FOLD 6] 8: 52.72810745239258 0.7837837837837838 67.96763610839844 0.7297297297297297
[FOLD 7] 8: 67.523193359375 0.7927927927927928 53.597068786621094 0.7747747747747747
[FOLD 8] 8: 50.81381607055664 0.8198198198198198 59.718589782714844 0.7027027027027027
[FOLD 9] 8: 61.732547760009766 0.7567567567567568 62.221012115478516 0.7567567567567568
[FOLD 10] 8: 59.365360260009766 0.7837837837837838 59.98337173461914 0.7232142857142857
